1979.042	336.56	12.150825	12.406	15.414	
1979.125	337.29	12.020089	13.181	16.175	
1979.208	337.88	12.041728	13.208	16.342	
1979.292	338.32	12.922609	12.528	15.447	
1979.375	338.26	13.853152	11.109	13.857	
1979.458	337.38	14.814912	9.344	12.53	
1979.542	335.56	15.551102	6.692	10.311	
1979.625	334.36	15.731999	5.056	8.041	
1979.708	335.02	15.702308	4.583	7.051	
1979.792	336.36	15.070007	6.189	8.748	
1979.875	337.36	14.081875	8.367	10.943	
1979.958	337.85	12.986057	10.633	13.336	
1980.042	338.55	12.533351	11.938	14.862	
1980.125	339.26	12.142624	12.901	15.955	
1980.208	339.59	12.481014	12.99	16.041	
1980.292	339.99	13.132276	12.522	15.429	
1980.375	340.44	14.1776	10.964	13.793	
1980.458	339.99	15.170383	9.003	12.205	
1980.542	338.44	15.72911	6.535	10.1	
1980.625	337.21	16.020193	4.938	7.984	
1980.708	337.05	15.827346	4.871	7.667	
1980.792	337.83	15.07859	6.495	9.183	
1980.875	338.93	13.990764	8.727	11.383	
1980.958	339.64	12.941031	10.781	13.593	
1981.042	340.18	12.193028	11.907	14.91	
1981.125	340.75	12.268087	12.533	15.604	
1981.208	341.38	12.47984	12.714	15.632	
1981.292	341.68	13.245408	12.239	15.01	
1981.375	341.43	14.1485	10.991	13.802	
1981.458	340.63	15.031717	9.029	12.43	
1981.542	339.22	15.733544	6.313	10.271	
1981.625	338.08	15.987981	4.477	7.844	
1981.708	337.98	15.875525	4.439	7.138	
1981.792	339.07	15.11033	6.265	8.856	
1981.875	340.18	14.027632	8.313	10.929	
1981.958	340.75	12.945355	10.543	13.341	
1982.042	341.37	12.430766	12.192	15.177	
1982.125	341.95	11.864932	12.868	15.974	
1982.208	342.23	12.241379	13.066	16.044	
1982.292	342.52	12.771824	12.63	15.466	
1982.375	342.36	13.823936	11.169	13.973	
1982.458	341.49	14.88966	9.46	12.476	
1982.542	339.75	15.562781	6.87	10.367	
1982.625	338.11	15.891535	5.003	8.139	
1982.708	338.16	15.657908	4.435	7.302	
1982.792	339.62	14.98079	6.67	9.421	
1982.875	340.95	13.926462	9.059	11.627	
1982.958	341.77	12.849624	10.879	13.642	
1983.042	342.37	12.432409	12.01	14.942	
1983.125	342.74	12.290628	12.942	16.006	
1983.208	343.04	12.536312	12.928	16.085	
1983.292	343.51	13.220852	12.213	15.172	
1983.375	343.84	14.084951	10.868	13.491	
1983.458	343.5	15.128374	9.265	12.296	
1983.542	342.14	15.717057	6.856	10.57	
1983.625	340.62	15.913044	4.975	8.186	
1983.708	340.53	15.862016	4.703	7.395	
1983.792	341.75	15.249399	6.788	9.334	
1983.875	342.83	13.97111	8.986	11.461	
1983.958	343.49	13.01634	10.629	13.299	
1984.042	344.32	12.241528	11.683	14.473	
1984.125	344.82	12.039883	12.257	15.299	
1984.208	344.96	12.171783	12.555	15.584	
1984.292	345.19	13.016334	12.178	15.015	
1984.375	345.33	13.892617	10.88	13.577	
1984.458	344.57	15.046795	9.093	12.152	
1984.542	343.2	15.477015	6.297	9.977	
1984.625	342.21	15.69772	4.681	7.771	
1984.708	342.13	15.673221	4.106	6.805	
1984.792	342.99	14.960273	5.911	8.561	
1984.875	344.16	13.924475	8.235	10.842	
1984.958	345.0	12.717748	10.269	12.989	
1985.042	345.35	12.062202	11.695	14.725	
1985.125	345.8	12.01948	12.48	15.466	
1985.208	346.64	12.034697	12.748	15.886	
1985.292	346.94	12.878375	12.545	15.357	
1985.375	346.78	13.889007	11.246	14.073	
1985.458	346.26	14.824746	8.957	12.219	
1985.542	344.92	15.516486	5.988	9.744	
1985.625	343.41	15.69393	4.603	7.402	
1985.708	343.37	15.717554	4.232	6.698	
1985.792	344.64	14.925496	6.123	8.546	
1985.875	345.79	13.799661	8.424	11.025	
1985.958	346.55	12.776523	10.24	13.05	
1986.042	347.11	12.119616	11.882	14.89	
1986.125	347.34	12.009362	12.617	15.785	
1986.208	347.71	12.351113	12.721	15.91	
1986.292	348.22	12.996284	12.037	15.059	
1986.375	348.32	14.061759	10.702	13.379	
1986.458	347.76	14.99234	8.99	11.976	
1986.542	346.29	15.534888	6.621	10.146	
1986.625	344.92	15.781077	5.007	7.979	
1986.708	344.86	15.674503	4.72	7.411	
1986.792	346.03	14.919415	6.834	9.484	
1986.875	347.3	13.852587	8.873	11.453	
1986.958	347.76	12.869082	10.534	13.222	
1987.042	348.02	12.218341	11.897	14.97	
1987.125	348.57	12.108882	13.021	16.05	
1987.208	349.29	12.440215	12.83	15.816	
1987.292	349.98	12.927746	12.351	15.211	
1987.375	350.26	14.027464	10.968	13.743	
1987.458	349.48	14.988918	9.391	12.486	
1987.542	347.86	15.791652	6.551	10.333	
1987.625	346.61	16.14045	6.0	7.628	
1987.708	346.7	15.840914	5.641	7.279	
1987.792	347.97	15.222269	7.491	9.049	
1987.875	349.25	14.100234	9.734	11.224	
1987.958	350.21	12.997216	10.522	13.224	
1988.042	350.91	12.539549	12.019	14.798	
1988.125	351.47	12.310913	13.574	15.583	
1988.208	351.85	12.396281	13.903	15.957	
1988.292	352.3	13.217095	13.182	15.123	
1988.375	352.46	14.17272	11.413	13.561	
1988.458	351.76	15.159226	9.684	11.943	
1988.542	350.28	15.826082	7.007	9.809	
1988.625	349.1	16.032364	5.423	7.892	
1988.708	349.27	15.945215	5.362	7.369	
1988.792	350.44	15.25906	7.518	9.135	8.1097
1988.875	351.61	14.094916	9.911	11.331	
1988.958	352.46	12.801491	11.992	13.626	8.1092
1989.042	352.99	12.295877	13.179	14.955	8.1168
1989.125	353.46	11.845852	13.364	15.495	8.1316
1989.208	354.0	12.392681	13.213	15.423	8.1218
1989.292	354.38	13.051776	12.356	14.328	
1989.375	354.19	14.046729	11.35	13.044	8.1158
1989.458	353.26	14.854363	9.951	12.245	8.1018
1989.542	351.56	15.576647	7.329	10.13	8.0991
1989.625	350.21	15.991933	5.563	7.882	8.093
1989.708	350.56	15.790133	4.863	7.008	8.099
1989.792	351.85	15.163429	6.956	8.829	8.0858
1989.875	353.04	14.071609	9.463	11.115	8.1101
1989.958	353.91	12.880425	11.606	13.387	
1990.042	354.46	12.425605	12.805	14.783	8.1332
1990.125	354.87	12.211874	13.416	15.578	8.1229
1990.208	355.2	12.454525	13.506	15.867	8.134
1990.292	355.5	13.481899	12.277	14.65	8.1229
1990.375	355.4	14.3092	10.902	13.226	8.1167
1990.458	354.33	15.245071	9.196	11.641	8.1232
1990.542	352.71	15.798494	6.522	9.247	8.1084
1990.625	351.59	16.15157	4.995	6.797	
1990.708	351.8	15.945626	4.545	6.143	8.085
1990.792	353.19	15.215792	6.736	8.485	
1990.875	354.43	14.288187	9.644	11.075	
1990.958	355.18	13.24997	11.469	13.106	8.1212
1991.042	355.76	12.515959	12.568	14.364	
1991.125	356.19	12.276154	13.224	15.249	8.1256
1991.208	356.68	12.606844	13.42	15.416	8.1263
1991.292	357.19	13.15623	12.868	14.86	8.1231
1991.375	357.11	14.238908	11.499	13.473	8.1144
1991.458	356.17	15.084936	9.659	12.108	8.1139
1991.542	354.53	16.010769	6.761	9.514	8.112
1991.625	353.05	16.181797	5.208	7.415	8.0992
1991.708	352.93	15.972016	4.513	6.473	8.0943
1991.792	354.0	15.244497	6.752	8.541	8.0981
1991.875	355.16	14.09813	9.252	10.885	
1991.958	355.95	13.012188	11.193	12.945	8.104
1992.042	356.52	12.328553	12.614	14.643	8.1177
1992.125	356.89	12.231692	13.583	15.462	8.1256
1992.208	357.26	12.478766	13.483	15.481	8.119
1992.292	357.75	13.161973	12.839	14.677	8.1099
1992.375	357.82	13.942103	11.427	13.216	
1992.458	356.87	14.923021	9.946	12.147	8.1152
1992.542	355.19	15.660211	7.217	10.323	8.0977
1992.625	353.68	15.767839	5.439	7.925	8.0956
1992.708	353.58	15.623468	5.426	7.474	8.0933
1992.792	354.8	14.837235	7.739	9.319	8.087
1992.875	355.98	13.84499	9.748	11.379	8.1052
1992.958	356.74	12.752625	11.722	13.407	8.1161
1993.042	357.21	12.202206	12.926	14.896	8.1349
1993.125	357.55	12.134322	13.613	15.686	8.1325
1993.208	357.96	12.420996	13.775	15.813	
1993.292	358.43	13.045415	13.028	15.077	8.1074
1993.375	358.38	14.035692	11.415	13.368	8.1105
1993.458	357.34	14.966397	9.261	11.871	
1993.542	355.72	15.680266	6.279	9.476	
1993.625	354.44	15.87908	4.759	7.335	
1993.708	354.47	15.727171	4.577	6.397	8.0802
1993.792	355.7	14.929717	7.058	8.786	8.094
1993.875	356.95	14.016172	9.545	11.319	
1993.958	357.85	12.827943	11.476	13.319	
1994.042	358.47	12.312657	12.875	14.73	8.1508
1994.125	359.01	12.046357	13.523	15.562	8.1357
1994.208	359.36	12.093226	13.55	15.554	8.1204
1994.292	359.71	12.990671	12.913	14.888	
1994.375	359.74	14.081126	11.658	13.624	
1994.458	358.81	14.913198	9.684	12.016	8.1021
1994.542	357.27	15.728884	6.923	9.925	8.0858
1994.625	356.05	15.954377	5.188	7.639	8.0883
1994.708	356.02	15.727282	5.13	7.138	8.0875
1994.792	357.26	15.207644	7.232	8.915	8.088
1994.875	358.69	14.154414	9.715	11.123	8.1048
1994.958	359.55	13.121017	11.493	13.272	
1995.042	360.13	12.393505	12.785	14.586	
1995.125	360.61	12.312858	13.369	15.226	8.1099
1995.208	361.08	12.794863	13.339	15.26	8.1171
1995.292	361.55	13.173332	12.405	14.449	8.1038
1995.375	361.47	14.242319	10.902	12.972	8.1149
1995.458	360.61	15.026494	8.944	11.44	
1995.542	358.99	15.896791	6.156	8.987	8.0937
1995.625	357.73	16.125097	4.693	6.744	8.0933
1995.708	358.05	16.0047	4.428	6.08	8.0886
1995.792	359.42	15.245733	5.991	7.829	8.0997
1995.875	360.77	14.251504	9.032	10.761	8.1135
1995.958	361.65	13.146228	11.088	12.921	
1996.042	362.14	12.325032	12.152	14.181	8.1074
1996.125	362.5	12.08245	12.979	15.155	
1996.208	362.82	12.507443	12.904	15.123	8.1122
1996.292	363.14	13.09871	12.322	14.216	8.1066
1996.375	363.29	14.017178	11.284	13.094	8.0946
1996.458	362.88	14.894451	9.834	12.084	8.0902
1996.542	361.57	15.667089	7.438	10.164	8.0889
1996.625	360.07	16.022583	5.733	8.18	8.0829
1996.708	359.7	16.000057	5.623	7.583	
1996.792	360.67	15.118811	7.544	9.161	8.0836
1996.875	361.78	14.006094	8.765	10.402	8.0924
1996.958	362.63	13.150954	11.031	12.861	8.1014
1997.042	363.28	12.41957	12.395	14.417	8.1102
1997.125	363.65	12.07266	13.438	15.437	8.0856
1997.208	364.03	12.415118	13.303	15.467	8.1138
1997.292	364.51	13.238875	12.574	14.563	8.1155
1997.375	364.51	14.033698	11.236	13.177	8.101
1997.458	363.6	15.009245	9.197	11.738	8.1058
1997.542	361.93	15.902833	6.501	9.411	8.0895
1997.625	360.41	16.056944	5.089	7.285	8.089
1997.708	360.41	15.977586	4.892	6.686	8.0805
1997.792	361.94	15.381688	6.467	8.337	
1997.875	363.61	14.393545	9.071	10.684	
1997.958	364.68	13.352154	11.242	13.076	8.1083
1998.042	365.19	12.617628	12.806	14.721	8.1097
1998.125	365.46	12.393999	13.768	15.746	8.1135
1998.208	365.93	12.883712	13.574	15.598	8.1044
1998.292	366.58	13.373737	12.852	14.892	8.1078
1998.375	366.86	14.482489	11.398	13.59	8.105
1998.458	366.27	15.439859	9.184	11.706	8.0937
1998.542	364.84	16.166082	6.449	9.415	8.0805
1998.625	363.79	16.350761	4.691	7.509	8.0818
1998.708	364.04	16.253042	4.297	6.536	8.076
1998.792	365.34	15.393574	6.706	8.452	8.0818
1998.875	366.6	14.268745	8.884	10.441	8.0825
1998.958	367.47	13.131387	10.91	12.759	8.0948
1999.042	368.12	12.578128	12.602	14.359	8.0895
1999.125	368.52	12.214997	13.451	15.309	8.0997
1999.208	368.91	12.681549	13.54	15.398	8.135
1999.292	369.3	13.018332	13.15	15.084	8.123
1999.375	369.21	14.058149	11.665	13.751	8.1
1999.458	368.36	14.964326	9.252	11.779	
1999.542	366.69	15.75067	6.554	9.488	8.0938
1999.625	365.32	16.027044	4.753	7.226	8.0759
1999.708	365.44	15.874023	4.292	6.117	
1999.792	366.75	15.245672	6.835	8.603	8.0711
1999.875	368.05	14.145028	9.256	10.796	8.0824
1999.958	368.88	13.067392	10.994	12.641	8.0818
2000.042	369.39	12.441928	12.304	14.22	
2000.125	369.65	12.052399	13.088	15.141	8.0966
2000.208	369.97	12.593054	13.167	15.225	8.0946
2000.292	370.35	13.190579	12.597	14.558	8.0941
2000.375	370.24	14.27894	11.244	13.153	8.0677
2000.458	369.31	15.041011	9.052	11.665	8.0831
2000.542	367.91	15.73894	6.385	9.513	8.0872
2000.625	366.76	15.99124	4.783	7.168	8.0827
2000.708	366.71	15.936546	4.347	6.246	
2000.792	367.91	15.207633	6.692	8.379	8.0678
2000.875	369.28	14.050722	8.866	10.321	8.095
2000.958	370.1	13.023944	10.96	12.637	8.0922
2001.042	370.69	12.323272	12.354	14.203	8.0929
2001.125	371.18	12.2122	13.22	15.211	8.0881
2001.208	371.59	12.446788	13.641	15.516	8.0894
2001.292	371.9	13.249987	13.053	14.857	8.0938
2001.375	371.8	14.208252	11.383	13.51	8.0948
2001.458	370.85	15.215851	9.086	11.456	8.0984
2001.542	369.46	15.871904	6.285	9.07	8.0857
2001.625	368.32	16.20851	4.936	7.461	8.0757
2001.708	368.36	16.060638	4.586	6.732	8.068
2001.792	369.71	15.368203	6.649	8.298	8.0885
2001.875	371.05	14.34036	9.077	10.658	8.0814
2001.958	371.97	13.470086	10.553	12.491	8.0925
2002.042	372.51	12.695609	12.261	14.273	8.0959
2002.125	372.91	12.53721	13.421	15.342	8.108
2002.208	373.38	12.721423	13.42	15.349	8.1085
2002.292	373.72	13.600142	12.413	14.299	
2002.375	373.71	14.29804	11.158	12.971	8.0811
2002.458	372.84	15.341601	9.188	11.583	8.071
2002.542	371.41	16.006063	6.439	9.274	
2002.625	370.37	16.26295	4.318	6.599	8.0706
2002.708	370.69	16.064987	4.029	5.827	
2002.792	371.96	15.451588	6.238	8.162	8.0862
2002.875	373.29	14.365481	8.752	10.342	8.0876
2002.958	374.26	13.315763	10.643	12.608	8.0937
2003.042	374.94	12.543315	12.289	14.391	8.1025
2003.125	375.47	12.548483	13.227	15.193	8.104
2003.208	375.92	12.642036	13.425	15.485	8.1016
2003.292	376.4	13.243136	12.46	14.512	8.0963
2003.375	376.55	14.241573	10.888	13.016	8.0905
2003.458	375.72	15.247941	9.114	11.604	8.0824
2003.542	374.17	15.844065	6.152	9.215	8.0777
2003.625	372.94	16.181763	4.517	6.936	8.0829
2003.708	373.11	16.1575	4.048	6.116	
2003.792	374.39	15.520181	5.982	7.848	8.0873
2003.875	375.67	14.550451	8.569	10.125	8.0884
2003.958	376.53	13.333045	10.803	12.588	8.1134
2004.042	377.21	12.84282	12.263	14.026	8.0967
2004.125	377.73	12.400176	12.941	14.914	8.1096
2004.208	378.16	12.756578	12.993	14.993	8.1244
2004.292	378.48	13.39796	12.163	13.987	8.0988
2004.375	378.4	14.34727	10.921	12.558	8.0878
2004.458	377.51	15.051334	9.236	11.447	8.0852
2004.542	375.96	15.889484	6.507	9.431	8.0701
2004.625	374.49	15.953155	4.672	6.855	8.071
2004.708	374.39	15.950004	4.391	5.984	8.0705
2004.792	375.73	15.406296	6.396	7.925	8.0836
2004.875	377.2	14.453116	8.955	10.343	8.0898
2004.958	378.17	13.441607	10.976	12.554	8.0992
2005.042	378.73	12.569768	11.922	13.661	
2005.125	379.27	12.589498	12.348	14.373	8.0963
2005.208	379.87	12.735534	12.742	14.687	8.1065
2005.292	380.32	13.497629	12.229	14.09	
2005.375	380.42	14.432102	10.878	12.911	8.0899
2005.458	379.6	15.331207	8.806	11.162	8.0809
2005.542	377.94	16.059366	5.901	8.649	8.0664
2005.625	376.73	16.314322	4.206	6.301	8.0751
2005.708	376.76	16.141184	4.068	5.504	8.0601
2005.792	378.07	15.57603	5.775	7.352	8.0777
2005.875	379.53	14.618258	8.797	10.216	8.0843
2005.958	380.53	13.501898	10.564	12.228	8.0888
2006.042	381.33	12.766566	11.651	13.466	8.1135
2006.125	381.95	12.398165	12.354	14.325	8.0953
2006.208	382.34	12.818922	12.516	14.421	8.1084
2006.292	382.67	13.397719	12.035	13.906	8.104
2006.375	382.63	14.291743	10.446	12.517	8.0901
2006.458	381.76	15.189911	8.409	10.92	8.0646
2006.542	380.07	16.064089	5.788	8.46	8.0804
2006.625	378.49	16.2323	4.31	6.496	8.0723
2006.708	378.63	16.182554	4.013	5.862	8.077
2006.792	380.08	15.494456	5.798	7.541	8.0679
2006.875	381.44	14.584331	8.126	9.659	8.0772
2006.958	382.39	13.47152	10.17	11.955	8.0908
2007.042	383.03	12.860763	11.861	13.703	
2007.125	383.55	12.805192	12.579	14.513	8.1047
2007.208	384.02	12.817515	12.56	14.542	8.0973
2007.292	384.28	13.409858	11.826	13.845	
2007.375	384.13	14.535373	10.765	12.78	8.0808
2007.458	383.26	15.345493	8.212	11.22	
2007.542	381.55	15.959107	5.13	7.943	8.0631
2007.625	380.29	16.23532	3.194	5.342	8.066
2007.708	380.68	16.092844	2.819	4.267	8.0616
2007.792	382.1	15.356545	4.331	6.04	8.0639
2007.875	383.45	14.432366	8.06	9.76	8.0678
2007.958	384.46	13.331739	10.178	12.034	8.0856
2008.042	385.23	12.576232	12.297	13.887	8.0957
2008.125	385.74	12.113923	13.209	14.953	8.0957
2008.208	386.15	12.408767	13.534	15.179	
2008.292	386.53	13.427934	12.776	14.352	
2008.375	386.49	14.234983	11.249	12.974	8.0694
2008.458	385.58	15.156445	8.854	11.208	8.0735
2008.542	384.1	15.784512	6.058	8.678	8.0635
2008.625	382.77	16.205524	3.787	5.913	8.0729
2008.708	382.54	16.032562	3.258	4.687	
2008.792	383.67	15.416246	5.772	7.35	8.0799
2008.875	385.18	14.483524	9.049	10.343	
2008.958	386.27	13.421947	10.971	12.359	8.0816
2009.042	387.03	12.621545	12.316	13.914	8.0996
2009.125	387.48	12.501715	13.214	14.812	8.1084
2009.208	387.71	12.694814	13.434	14.984	
2009.292	387.99	13.287948	12.916	14.496	8.0898
2009.375	387.95	14.301582	11.477	13.187	8.0693
2009.458	386.96	15.257585	9.249	11.32	8.0676
2009.542	385.01	15.987313	6.116	8.465	8.0584
2009.625	383.63	16.366655	4.164	6.136	8.0614
2009.708	383.93	16.15678	3.761	5.262	8.0541
2009.792	385.5	15.550077	5.236	6.92	
2009.875	386.94	14.526386	8.357	9.772	8.0667
2009.958	387.84	13.511364	10.585	12.2	8.0801
2010.042	388.62	12.733565	12.041	13.739	
2010.125	389.33	12.635704	12.962	14.581	
2010.208	389.68	12.951749	13.527	15.137	8.0969
2010.292	389.98	13.678116	12.848	14.659	8.0968
2010.375	389.95	14.614076	10.882	12.866	8.0839
2010.458	389.01	15.459992	8.365	10.585	8.0688
2010.542	387.35	16.069487	5.573	8.075	8.0703
2010.625	386.23	16.280928	3.88	5.875	8.0785
2010.708	386.7	16.157698	3.335	4.865	8.0691
2010.792	388.25	15.545397	5.484	6.984	8.0651
2010.875	389.62	14.562755	8.429	9.614	8.0715
2010.958	390.36	13.504272	10.432	11.831	
2011.042	390.93	12.563801	11.827	13.464	8.0891
2011.125	391.35	12.351584	12.757	14.363	
2011.208	391.67	12.553582	12.826	14.546	8.0918
2011.292	392.05	13.350575	12.447	14.108	8.0885
2011.375	392.07	14.375279	10.742	12.681	8.0797
2011.458	391.13	15.21987	8.544	10.749	
2011.542	389.19	16.003353	5.404	7.724	8.0696
2011.625	387.86	16.372034	3.385	5.503	8.0717
2011.708	388.26	16.222324	3.208	4.561	8.0645
2011.792	389.83	15.493718	5.02	6.465	
2011.875	391.2	14.475969	8.516	9.772	8.0674
2011.958	392.04	13.275867	10.626	12.154	8.0811
2012.042	392.61	12.627507	12.214	13.729	8.0876
2012.125	393.2	12.276481	12.725	14.553	
2012.208	393.73	12.550572	13.415	15.196	8.0905
2012.292	393.99	13.272944	12.872	14.626	
2012.375	393.88	14.415976	11.051	13.012	8.0725
2012.458	392.84	15.43513	8.156	10.674	8.0664
2012.542	391.0	16.102345	5.091	7.672	
2012.625	389.89	16.269238	2.934	4.723	8.0499
2012.708	390.55	16.187937	2.406	3.566	8.0477
2012.792	392.16	15.559264	4.585	5.886	8.0587
2012.875	393.56	14.665552	8.061	9.388	
2012.958	394.39	13.56644	10.454	12.006	8.0697
2013.042	395.07	12.633436	12.021	13.703	
2013.125	395.7	12.58878	13.196	14.723	8.0821
2013.208	396.29	12.745218	13.451	15.032	8.084
2013.292	396.74	13.43308	12.749	14.299	8.0822
2013.375	396.75	14.325264	11.254	12.997	8.0571
2013.458	395.96	15.283069	8.954	11.36	8.0581
2013.542	394.47	16.090355	5.808	8.132	
2013.625	393.24	16.20393	4.172	6.014	
2013.708	393.21	16.16618	3.783	5.208	8.0499
2013.792	394.51	15.616046	5.954	7.455	8.0633
2013.875	395.97	14.497789	8.659	9.939	8.0733
2013.958	396.87	13.520184	10.874	12.184	8.0824
2014.042	397.51	12.792078	12.1	13.648	8.0817
2014.125	397.97	12.568984	12.564	14.418	8.0888
2014.208	398.27	12.633794	12.951	14.758	8.0806
2014.292	398.63	13.499797	12.429	14.088	8.0857
2014.375	398.69	14.471165	11.046	12.701	
2014.458	397.72	15.444962	8.765	11.033	8.0751
2014.542	396.13	16.055035	5.964	8.108	8.06
2014.625	395.02	16.294695	4.368	6.078	
2014.708	395.12	16.247393	3.742	5.22	8.0417
2014.792	396.38	15.630797	5.696	7.232	8.0516
2014.875	397.86	14.609954	8.75	10.115	8.0709
2014.958	398.84	13.421647	10.895	12.353	8.0744
2015.042	399.56	12.853656	12.17	13.602	
2015.125	400.12	12.634522	12.85	14.401	8.0781
2015.208	400.57	12.928324	12.775	14.37	8.0776
2015.292	400.96	13.637803	12.334	13.893	8.0822
2015.375	400.91	14.418158	10.895	12.468	8.0764
2015.458	400.06	15.438211	8.705	10.879	8.058
2015.542	398.38	16.169155	5.659	8.378	8.0424
2015.625	397.07	16.382626	3.626	5.599	8.0536
2015.708	397.34	16.353651	3.422	4.616	
2015.792	398.8	15.713228	5.488	6.966	8.0639
2015.875	400.36	14.88763	8.48	9.846	8.067
2015.958	401.66	13.75632	10.639	12.045	8.0711
2016.042	402.61	13.204671	11.802	13.457	8.0818
2016.125	403.25	12.993054	12.428	14.203	8.0814
2016.208	403.84	13.417261	12.614	14.4	8.0832
2016.292	404.36	14.034957	11.985	13.681	8.0779
2016.375	404.4	14.891214	10.249	11.924	8.0642
2016.458	403.62	15.676935	8.209	10.413	
2016.542	402.1	16.244125	5.366	7.938	8.0581
2016.625	400.78	16.589472	3.306	5.371	8.0572
2016.708	400.95	16.512617	2.913	4.528	
2016.792	402.4	15.804098	4.399	6.082	8.0551
2016.875	403.76	14.787963	7.01	8.658	8.0676
2016.958	404.67	13.775281	9.62	11.459	
2017.042	405.33	13.000732	11.366	13.19	8.0702
2017.125	405.91	12.845469	12.32	14.12	8.0742
2017.208	406.32	13.228996	12.614	14.29	8.0775
2017.292	406.6	13.908754	12.259	13.753	8.0652
2017.375	406.64	14.689877	11.005	12.631	8.0634
2017.458	405.85	15.634159	8.628	10.756	8.0511
2017.542	404.11	16.184803	5.65	7.939	
2017.625	402.57	16.494555	3.638	5.481	8.0494
2017.708	402.66	16.407322	3.348	4.822	
2017.792	404.16	15.725905	5.305	6.767	8.0517
2017.875	405.7	14.80573	8.084	9.493	8.0622
2017.958	406.75	13.618404	10.262	11.743	8.0811
2018.042	407.53	13.037093	11.696	13.077	
2018.125	408.23	12.682678	12.309	13.967	8.0803
2018.208	408.77	12.992087	12.69	14.298	
2018.292	409.07	13.682286	12.282	13.696	8.0816
2018.375	408.93	14.666776	10.806	12.232	8.0758
2018.458	408.06	15.513449	8.792	10.778	8.0541
2018.542	406.49	16.20794	5.762	8.268	8.0548
2018.625	405.11	16.507273	3.904	5.615	
2018.708	405.18	16.319836	3.354	4.785	8.0403
2018.792	406.65	15.645767	4.594	6.134	8.0576
2018.875	408.12	14.800986	8.429	9.823	8.0608
2018.958	409.19	13.608685	10.452	11.862	
2019.042	409.92	12.996236	12.144	13.567	8.0704
2019.125	410.34	12.726316	12.757	14.394	8.0754
2019.208	410.89	13.037866	12.893	14.574	
2019.292	411.33	13.917256	11.898	13.434	
2019.375	411.34	14.798871	10.496	12.186	8.0592
2019.458	410.53	15.618407	8.316	10.594	8.0438
2019.542	408.88	16.351522	5.129	7.589	8.043
2019.625	407.64	16.62583	3.242	5.026	8.0391
2019.708	407.92	16.4674	3.168	4.364	8.0272
2019.792	409.44	15.82509	4.526	5.735	8.0494
2019.875	410.87	14.899514	7.979	9.353	
2019.958	411.76	13.775336	10.52	11.903	8.058
2020.042	412.43	13.204703	12.148	13.636	8.0672
2020.125	412.95	13.023134	12.953	14.642	8.0612
2020.208	413.44	13.328617	13.034	14.73	
2020.292	413.86	13.896722	12.017	13.621	
2020.375	413.81	14.881941	10.505	12.343	
2020.458	412.88	15.727563	8.414	10.593	
2020.542	411.17	16.34306	5.066	7.294	8.0402
2020.625	409.73	16.554218	3.103	5.07	8.0414
2020.708	410.0	16.378103	2.83	4.001	8.0494
2020.792	411.66	15.879856	4.113	5.334	8.0426
2020.875	413.25	14.822323	7.535	8.985	8.0591
2020.958	414.14	13.907555	10.164	11.729	8.0616
2021.042	414.74	12.900242	11.751	13.501	8.0706
2021.125	415.2	12.685205	12.756	14.39	8.0618
2021.208	415.49	12.789691	12.99	14.658	8.0714
2021.292	415.81	13.598597	12.177	13.792	8.0728
2021.375	416.01	14.552206	10.861	12.682	8.0557
2021.458	415.2	15.518996	8.393	10.765	8.0423
2021.542	413.45	16.195406	5.527	7.647	8.0366
2021.625	412.15	16.559742	3.776	5.715	
2021.708	412.38	16.422468	3.466	4.952	
2021.792	413.83	15.847732	5.428	6.816	8.0473
2021.875	415.58	14.867675	8.572	9.83	
2021.958	416.61	13.716455	10.741	12.152	8.0474
2022.042	417.18	12.987495	12.259	13.872	
2022.125	417.64	12.719246	12.898	14.612	
2022.208	418.16	12.959181	12.799	14.586	8.0522
2022.292	418.58	13.803046	12.463	13.986	
2022.375	418.45	14.644942	11.098	12.879	8.0376
2022.458	417.43	15.517449	8.608	10.875	
2022.542	415.68	16.290827	5.889	8.287	8.0491
2022.625	414.41	16.606314	4.026	5.95	
2022.708	414.63	16.40706	3.474	4.897	8.0341
2022.792	416.14	15.795761	5.255	6.657	
2022.875	417.77	14.855305	8.515	9.725	
2022.958	418.8	13.532649	10.274	11.892	
2023.042	419.32	12.935972	11.831	13.346	
2023.125	419.66	12.688526	12.567	14.176	
2023.208	420.01	13.022077	12.87	14.44	
2023.292	420.49	13.920589	12.497	13.992	
2023.375	420.52	14.682203	11.015	12.835	
2023.458	419.54	15.656947	8.705	10.963	
2023.542	417.86	16.514093	5.544	8.183	
2023.625	416.65	16.953165	3.521	5.566	
2023.708	417.06	16.82091	2.788	4.371	
2023.792	418.73	16.376972	4.858	6.367	
2023.875	420.34	15.296179	8.297	9.659	
2023.958	421.52	14.224238	10.314	12.003	
2024.042	422.26	13.510272	12.193	13.916	
2024.125	422.71	13.140137	12.726	14.607	
2024.208	423.24	13.539749	13.146	14.873	
2024.292	423.65	14.137102	12.536	14.125	
2024.375	423.43	15.031858	11.025	12.781	
